Date_Time;Rotors;T8;T114;Speed;Azimuth;Elevation;AzimSigma;ElevSigma;E_dT;E_AzimSig
2019-05-15 00:00:00;OK;9.57;12.33;5.36;430;2.3;2.37;2.06;1;1
2019-05-15 00:10:00;OK;9.62;12.18;5.1;430;1.7;2.95;2.17;1;1
2019-05-15 00:20:00;OK;9.48;12.11;5.15;431;2.2;2.96;2.68;1;1
2019-05-15 00:30:00;OK;9.25;11.98;4.83;433;2.2;3.18;2.5;1;2
2019-05-15 00:40:00;OK;9.08;11.93;4.94;434;1.9;3.74;2.21;1;2
2019-05-15 00:50:00;OK;8.88;11.87;4.94;436;2;3.28;2.1;1;2
2019-05-15 01:00:00;OK;8.78;11.88;5.12;437;2;3.46;2.05;1;2
2019-05-15 01:10:00;OK;8.66;11.8;4.87;437;1.9;3.43;2.21;1;2
2019-05-15 01:20:00;OK;8.48;11.83;4.67;437;1.8;3.44;2.25;1;2
2019-05-15 01:30:00;OK;8.4;11.86;4.7;436;1.8;2.46;1.69;1;1
2019-05-15 01:40:00;OK;8.34;11.76;4.64;432;1.8;2.73;1.69;1;1
2019-05-15 01:50:00;OK;8.2;11.12;4.86;410;2;11.29;1.29;1;4
2019-05-15 02:00:00;OK;8.17;10.64;5.81;405;2.1;4.91;1.3;1;2
2019-05-15 02:10:00;OK;8.04;10.88;6.4;412;1.7;3.14;1.27;1;2
2019-05-15 02:20:00;OK;7.9;10.87;6;407;0.5;1.98;1.17;1;1
2019-05-15 02:30:00;OK;7.79;10.88;5.83;409;0.7;2.7;1.28;1;1
2019-05-15 02:40:00;OK;7.79;10.85;5.43;412;1.4;1.97;1.3;1;1
2019-05-15 02:50:00;OK;7.72;10.61;4.55;406;0.7;4.3;1.77;1;2
2019-05-15 03:00:00;OK;7.62;10.03;4.44;401;0.9;3.53;2.27;1;2
2019-05-15 03:10:00;OK;7.42;9.68;4.31;401;1.4;3.87;2.7;1;2
2019-05-15 03:20:00;OK;7.19;8.97;4.73;401;1.5;3.66;2.08;1;2
2019-05-15 03:30:00;OK;7.11;9;4.73;404;0.9;3.81;2.44;1;2
2019-05-15 03:40:00;OK;7.02;9.28;5.02;408;1.3;3.68;2.38;1;2
2019-05-15 03:50:00;OK;7.03;9.78;5.3;411;1.5;3.38;2.21;1;2
2019-05-15 04:00:00;OK;7.03;9.35;5.51;413;1.6;4.49;3.1;1;2
2019-05-15 04:10:00;OK;7.17;9.03;5.14;417;2.5;4.31;2.95;1;2
2019-05-15 04:20:00;OK;7.14;8.59;4.35;414;1.3;6.14;3.25;1;3
2019-05-15 04:30:00;OK;6.91;8.03;3.6;409;0;7.53;5.33;1;3
2019-05-15 04:40:00;OK;6.8;8.16;4.41;414;0.9;5.34;3.27;1;3
2019-05-15 04:50:00;OK;6.69;8.27;4.7;415;1.2;3.54;2.85;1;2
2019-05-15 05:00:00;OK;6.64;8.15;5.03;415;1;3.23;2.07;1;2
2019-05-15 05:10:00;OK;6.63;8.1;5.4;418;1.2;2.16;1.7;1;1
2019-05-15 05:20:00;OK;6.63;8.13;5.87;422;1.5;2.04;1.49;1;1
2019-05-15 05:30:00;OK;6.59;8.02;5.7;421;1.5;2.38;1.62;1;1
2019-05-15 05:40:00;OK;6.5;7.91;5.7;423;1.7;2.17;1.47;1;1
2019-05-15 05:50:00;OK;6.44;7.74;5.94;424;1.3;2.4;1.71;1;1
2019-05-15 06:00:00;OK;6.44;7.54;6;427;1.4;3.7;2.89;2;2
2019-05-15 06:10:00;OK;6.54;7.42;5.49;428;1.5;5.16;4.45;1;3
2019-05-15 06:20:00;OK;6.66;7.48;5.37;432;1.2;4.5;3.48;1;2
2019-05-15 06:30:00;OK;6.83;7.47;5.13;433;1.8;4.15;3.58;1;2
2019-05-15 06:40:00;OK;7.06;7.58;5.09;436;1.8;3.67;3.21;1;2
2019-05-15 06:50:00;OK;7.34;7.3;4.83;442;1.8;7.13;7.23;2;3
2019-05-15 07:00:00;OK;7.72;7.12;4.13;440;2;9.19;7.87;2;4
2019-05-15 07:10:00;OK;7.94;7.14;3.64;441;2;12.15;8.09;2;5
2019-05-15 07:20:00;OK;8.08;7.25;3.82;442;-0.5;9.01;9.3;2;4
2019-05-15 07:30:00;OK;8.33;7.36;3.16;447;1.2;12.6;10.5;2;5
2019-05-15 07:40:00;OK;8.75;7.58;3.04;449;0.9;11.57;12.96;4;4
2019-05-15 07:50:00;OK;9;7.85;2.48;445;8.2;13.31;13.97;4;5
2019-05-15 08:00:00;OK;9.26;8.12;2.76;453;3.1;12.6;13.6;4;5
2019-05-15 08:10:00;OK;9.84;8.34;2.54;454;3;14;14.68;5;5
2019-05-15 08:20:00;OK;10.14;8.54;2.74;448;-6;10.42;7.68;5;4
2019-05-15 08:30:00;OK;10.56;8.81;2.2;433;3.1;14.11;13.54;5;5
2019-05-15 08:40:00;OK;10.91;9;2.63;431;2.6;14.04;11.19;5;5
2019-05-15 08:50:00;OK;11.52;9.31;2.09;425;7.2;14.49;18.95;6;5
2019-05-15 09:00:00;OK;11.56;9.61;2.31;423;9.6;16.03;13.19;5;5
2019-05-15 09:10:00;OK;11.87;9.74;2.22;405;-1.1;18.26;16.07;6;6
2019-05-15 09:20:00;OK;11.84;9.91;2.63;404;-1.4;14.58;11.16;5;5
2019-05-15 09:30:00;OK;12.55;10.34;2.4;417;6;14.78;14.9;5;5
2019-05-15 09:40:00;OK;12.62;10.68;2.81;405;-1.1;14.68;11.35;5;5
2019-05-15 09:50:00;OK;13.35;11.06;2.71;426;4.1;12.67;14.86;5;5
2019-05-15 10:00:00;OK;13.68;11.36;3.64;412;2.9;14.83;15.94;5;5
2019-05-15 10:10:00;OK;14.01;11.48;4.82;421;3.1;14;11.83;5;5
2019-05-15 10:20:00;OK;14.07;11.57;5.06;422;2.4;14.01;10.2;4;5
2019-05-15 10:30:00;OK;14.17;11.73;5.02;418;8;14.68;15.84;4;5
2019-05-15 10:40:00;OK;13.77;11.56;6.68;412;-2;8.09;6.13;4;3
2019-05-15 10:50:00;OK;14.03;11.75;5.16;425;4.4;15.08;12.01;4;5
2019-05-15 11:00:00;OK;14.44;11.9;5.61;419;0.7;13.49;9.9;4;5
2019-05-15 11:10:00;OK;14.55;12.17;4.15;425;11.7;26.94;16.87;5;6
2019-05-15 11:20:00;OK;14.28;12;5.83;438;2.8;12.59;11.7;4;5
2019-05-15 11:30:00;OK;14.56;12.02;5.16;438;-1.1;13.9;10.38;4;5
2019-05-15 11:40:00;OK;14.33;11.92;6.33;433;1;10.06;9.76;4;4
2019-05-15 11:50:00;OK;14.77;12.45;4.37;423;13.3;26;15.8;5;6
2019-05-15 12:00:00;OK;15.08;12.33;4.75;429;3.8;11.89;15.92;5;4
2019-05-15 12:10:00;OK;14.48;12.3;4.72;412;1.8;17.45;15.73;4;6
2019-05-15 12:20:00;OK;14.84;12.48;4.8;428;1.5;18.66;13.68;4;6
2019-05-15 12:30:00;OK;15.1;12.73;5.13;416;4.3;14.46;9.97;4;5
2019-05-15 12:40:00;OK;14.82;12.62;6.28;428;1;11.36;10.88;4;4
2019-05-15 12:50:00;OK;14.91;12.58;6.38;436;1.4;9.61;10.82;4;4
2019-05-15 13:00:00;OK;15.08;12.95;5.57;432;2;16.73;10.9;4;5
2019-05-15 13:10:00;OK;15.29;13.09;5.69;427;8.6;19.12;11.66;4;6
2019-05-15 13:20:00;OK;15.15;13.03;6.65;424;3.6;14.41;9.66;4;5
2019-05-15 13:30:00;OK;15.09;12.8;7.12;418;-0.1;8.31;8.03;4;3
2019-05-15 13:40:00;OK;15.44;12.92;6.32;426;0.4;10.74;8.33;4;4
2019-05-15 13:50:00;OK;15.31;13.05;6.7;420;-0.1;12.29;9.89;4;5
2019-05-15 14:00:00;OK;15.39;13.09;7.56;414;-1.4;7.13;7.5;4;3
2019-05-15 14:10:00;OK;15.74;13.48;5.79;436;5.2;16.23;16;4;5
2019-05-15 14:20:00;OK;15.78;13.54;5.64;411;4.3;19.79;11.62;4;6
2019-05-15 14:30:00;OK;16.06;13.66;6.53;444;4;12.07;13.13;4;5
2019-05-15 14:40:00;OK;15.87;13.6;6.99;429;0.4;12.52;8.99;4;5
2019-05-15 14:50:00;OK;16.03;13.71;5.59;424;6.5;12.42;14.05;4;5
2019-05-15 15:00:00;OK;16.25;13.95;6.23;422;2.9;15.59;8.02;4;5
2019-05-15 15:10:00;OK;16.05;13.88;6.94;424;-2.8;9.95;9.8;4;4
2019-05-15 15:20:00;OK;16.24;14.05;6.08;424;0.4;23.21;8.68;4;6
2019-05-15 15:30:00;OK;16.33;14.04;6.93;439;1.7;19.11;11.68;4;6
2019-05-15 15:40:00;OK;16.55;14.1;5.45;438;6.5;14.78;14.54;4;5
2019-05-15 15:50:00;OK;16.59;14.21;5.93;431;-1.1;13.24;11.59;4;5
2019-05-15 16:00:00;OK;16.87;14.46;5.02;438;7.7;19.2;14.19;4;6
2019-05-15 16:10:00;OK;16.44;14.11;6.99;434;0.9;9.58;7.33;4;4
2019-05-15 16:20:00;OK;16.53;14.23;7.44;437;-1.1;8.27;6.46;4;3
2019-05-15 16:30:00;OK;16.65;14.33;6.63;428;3.2;10.82;11.17;4;4
2019-05-15 16:40:00;OK;16.65;14.48;6.08;424;4.5;16.04;13.23;4;5
2019-05-15 16:50:00;OK;16.64;14.42;5.67;431;-1.1;14.38;7.56;4;5
2019-05-15 17:00:00;OK;16.82;14.63;6.8;439;3.1;10.68;9.51;4;4
2019-05-15 17:10:00;OK;16.65;14.58;5.75;435;2.5;12.22;12.74;4;5
2019-05-15 17:20:00;OK;16.59;14.58;6.76;448;2.4;11;10.66;4;4
2019-05-15 17:30:00;OK;16.84;14.7;6.45;454;0.8;11.22;8.44;4;4
2019-05-15 17:40:00;OK;16.91;14.81;5.74;438;3.5;14.98;11.74;4;5
2019-05-15 17:50:00;OK;16.92;14.76;5.96;441;0.3;13.91;10;4;5
2019-05-15 18:00:00;OK;16.56;14.67;6;446;2.6;12.64;11.01;4;5
2019-05-15 18:10:00;OK;16.56;14.72;5;444;5.2;20.63;12.51;4;6
2019-05-15 18:20:00;OK;16.82;14.88;6.21;420;2.7;11.38;7.95;4;4
2019-05-15 18:30:00;OK;16.47;14.76;6.18;441;0.2;9.06;8.45;4;4
2019-05-15 18:40:00;OK;16.35;14.75;4.76;441;2.2;14.55;12.24;4;5
2019-05-15 18:50:00;OK;16.29;14.75;5.9;445;3;11.43;11.23;4;4
2019-05-15 19:00:00;OK;16.19;14.71;5.49;444;1.8;24.32;10.66;4;6
2019-05-15 19:10:00;OK;16.15;14.71;5.7;431;3.3;16.56;9.64;4;5
2019-05-15 19:20:00;OK;16.19;14.75;5.04;438;0.7;10.9;7.93;4;4
2019-05-15 19:30:00;OK;16.06;14.72;5.48;440;-0.7;9.04;8.31;3;4
2019-05-15 19:40:00;OK;16.08;14.69;5.92;436;2.8;11.34;9.39;3;4
2019-05-15 19:50:00;OK;15.92;14.57;6.01;437;0.6;9.2;5.75;3;4
2019-05-15 20:00:00;OK;15.73;14.46;6.72;435;-0.8;6.2;5.04;3;3
2019-05-15 20:10:00;OK;15.68;14.44;5.27;441;3.6;11.66;10.94;3;4
2019-05-15 20:20:00;OK;15.53;14.33;5.47;435;1.8;9.45;8.12;3;4
2019-05-15 20:30:00;OK;15.34;14.23;6.13;432;0.6;7.57;6.4;3;3
2019-05-15 20:40:00;OK;15.13;14.14;5.58;426;3.3;10.93;8.84;3;4
2019-05-15 20:50:00;OK;14.92;14.03;5.03;432;3.1;10.1;8.22;3;4
2019-05-15 21:00:00;OK;14.67;13.9;4;426;2.3;6.42;5.21;2;3
2019-05-15 21:10:00;OK;14.4;13.78;4.78;426;2.6;6.81;6.32;2;3
2019-05-15 21:20:00;OK;14.2;13.65;4.63;428;2.8;7.29;6.55;2;3
2019-05-15 21:30:00;OK;14.01;13.55;5.18;433;1.2;6.41;5.53;2;3
2019-05-15 21:40:00;OK;13.84;13.45;5.19;433;1.2;4.56;4.13;2;2
2019-05-15 21:50:00;OK;13.73;13.38;5.45;433;1.7;4.89;4.46;2;2
2019-05-15 22:00:00;OK;13.61;13.34;5.33;432;1.9;5.04;4.77;2;3
2019-05-15 22:10:00;OK;13.36;13.2;5.81;429;1.7;4.33;4.06;2;2
2019-05-15 22:20:00;OK;13.12;13.05;5.86;430;1.7;5.02;4.25;2;3
2019-05-15 22:30:00;OK;12.89;12.91;5.74;431;1.8;4.25;3.31;2;2
2019-05-15 22:40:00;OK;12.73;12.89;5.78;433;2;5.24;4.28;2;3
2019-05-15 22:50:00;OK;12.58;12.83;6.17;433;1.5;5.35;3.98;2;3
2019-05-15 23:00:00;OK;12.5;12.78;6.36;433;1.4;4.74;3.59;2;2
2019-05-15 23:10:00;OK;12.34;12.76;6.83;433;1.5;2.24;1.9;2;1
2019-05-15 23:20:00;OK;12.15;12.73;6.58;433;1.9;2.36;2.06;2;1
2019-05-15 23:30:00;OK;12.02;12.55;6.28;434;2.3;3.25;2.42;2;2
2019-05-15 23:40:00;OK;11.97;12.49;6.36;433;2;3.41;2.46;2;2
2019-05-15 23:50:00;OK;11.96;12.45;5.94;435;1.6;4.43;3.28;2;2
